  Hz	 mVrms	dBV	deg
100.0	4.074	-47.801
200.0	4.412	-47.108
300.0	4.680	-46.596
400.0	5.291	-45.530
500.0	5.693	-44.894
600.0	6.113	-44.275
700.0	6.746	-43.420
800.0	7.475	-42.528
900.0	7.849	-42.105
1000.0	8.940	-40.974
1100.0	9.624	-40.334
1200.0	10.437	-39.629
1300.0	11.208	-39.010
1400.0	11.981	-38.431
1500.0	12.569	-38.014
1600.0	13.299	-37.524
1700.0	13.931	-37.121
1800.0	14.722	-36.641
1900.0	15.361	-36.272
2000.0	16.166	-35.828
2100.0	16.886	-35.450
2200.0	17.718	-35.032
2300.0	18.865	-34.487
2400.0	19.827	-34.056
2500.0	21.009	-33.553
2600.0	21.819	-33.224
2700.0	22.936	-32.790
2800.0	23.870	-32.443
2900.0	25.045	-32.026
3000.0	26.395	-31.570
3100.0	27.786	-31.124
3200.0	29.337	-30.652
3300.0	30.913	-30.198
3400.0	32.211	-29.840
3500.0	34.018	-29.366
3600.0	35.827	-28.916
3700.0	38.035	-28.397
3800.0	40.120	-27.933
3900.0	42.022	-27.531
4000.0	44.224	-27.087
4100.0	46.740	-26.607
4200.0	49.105	-26.178
4300.0	51.461	-25.771
4400.0	54.285	-25.307
4500.0	56.765	-24.919
4600.0	59.312	-24.538
4700.0	61.580	-24.212
4800.0	64.138	-23.858
4900.0	65.805	-23.635
5000.0	67.456	-23.420
5100.0	68.784	-23.251
5200.0	69.143	-23.206
5300.0	69.047	-23.218
5400.0	69.035	-23.219
5500.0	67.551	-23.408
5600.0	66.568	-23.535
5700.0	64.018	-23.875
5800.0	62.566	-24.074
5900.0	60.156	-24.415
6000.0	57.965	-24.737
6100.0	56.056	-25.028
6200.0	53.664	-25.407
6300.0	51.588	-25.750
6400.0	49.608	-26.090
6500.0	48.065	-26.364
6600.0	45.518	-26.837
6700.0	43.950	-27.141
6800.0	42.465	-27.440
6900.0	40.674	-27.814
7000.0	39.353	-28.101
7100.0	37.699	-28.474
7200.0	36.600	-28.731
7300.0	35.190	-29.072
7400.0	33.979	-29.376
7500.0	32.758	-29.694
7600.0	31.902	-29.924
7700.0	30.947	-30.188
7800.0	30.140	-30.418
7900.0	29.298	-30.664
8000.0	28.393	-30.936
8100.0	27.946	-31.074
8200.0	27.126	-31.333
8300.0	26.460	-31.549
8400.0	26.124	-31.660
8500.0	25.449	-31.887
8600.0	25.211	-31.969
8700.0	24.989	-32.046
8800.0	25.155	-31.988
8900.0	24.881	-32.083
9000.0	25.048	-32.025
9100.0	25.004	-32.041
9200.0	25.109	-32.004
9300.0	25.171	-31.982
9400.0	25.339	-31.925
9500.0	25.312	-31.934
9600.0	25.431	-31.893
9700.0	25.770	-31.778
9800.0	25.762	-31.781
9900.0	25.803	-31.767
10000	25.854	-31.750
10100	25.862	-31.747
10200	25.569	-31.846
10300	25.432	-31.893
10400	25.244	-31.957
10500	25.067	-32.018
10600	24.850	-32.094
10700	24.508	-32.214
10800	24.187	-32.329
10900	23.971	-32.407
11000	23.709	-32.503
11100	23.574	-32.552
11200	23.097	-32.729
11300	22.911	-32.800
11400	22.641	-32.903
11500	22.432	-32.983
11600	22.041	-33.136
11700	21.681	-33.279
11800	21.537	-33.337
11900	21.284	-33.440
12000	20.981	-33.564
12100	20.680	-33.689
12200	20.339	-33.834
12300	20.049	-33.959
12400	19.959	-33.998
12500	19.573	-34.167
12600	19.392	-34.248
12700	18.958	-34.445
12800	18.811	-34.512
12900	18.434	-34.688
13000	18.369	-34.719
13100	18.102	-34.846
13200	18.071	-34.861
13300	17.835	-34.975
13400	17.598	-35.091
13500	17.451	-35.164
13600	17.255	-35.262
13700	17.062	-35.360
13800	16.774	-35.508
13900	16.683	-35.555
14000	16.538	-35.631
14100	16.340	-35.736
14200	16.252	-35.782
14300	16.310	-35.751
14400	16.039	-35.897
14500	15.862	-35.993
14600	15.693	-36.087
14700	15.541	-36.171
14800	15.364	-36.271
14900	15.370	-36.267
15000	15.285	-36.315
15100	15.044	-36.453
15200	14.966	-36.498
15300	14.847	-36.568
15400	14.773	-36.611
15500	14.678	-36.667
15600	14.563	-36.736
15700	14.388	-36.841
15800	14.353	-36.862
15900	14.221	-36.942
16000	14.184	-36.965
16100	14.153	-36.984
16200	13.979	-37.091
16300	13.812	-37.196
16400	13.814	-37.194
16500	13.781	-37.215
16600	13.744	-37.238
16700	13.649	-37.298
16800	13.570	-37.349
16900	13.488	-37.402
17000	13.513	-37.385
17100	13.268	-37.544
17200	13.260	-37.550
17300	13.137	-37.631
17400	13.092	-37.660
17500	12.985	-37.732
17600	12.972	-37.741
17700	12.959	-37.749
17800	12.753	-37.889
17900	12.764	-37.881
18000	12.684	-37.935
18100	12.564	-38.018
18200	12.510	-38.055
18300	12.352	-38.166
18400	12.447	-38.099
18500	12.413	-38.123
18600	12.263	-38.228
18700	12.181	-38.287
18800	12.198	-38.275
18900	12.187	-38.283
19000	11.971	-38.438
19100	11.950	-38.453
19200	11.915	-38.479
19300	11.817	-38.551
19400	11.809	-38.557
19500	11.703	-38.635
19600	11.622	-38.695
19700	11.602	-38.710
19800	11.582	-38.725
19900	11.515	-38.775
20000	11.513	-38.777
20100	11.831	-38.540
20200	11.295	-38.943
20300	11.336	-38.912
20400	11.170	-39.040
20500	11.325	-38.920
20600	11.166	-39.042
20700	11.134	-39.068
20800	11.116	-39.082
20900	11.028	-39.151
21000	11.167	-39.042
21100	10.926	-39.232
21200	10.859	-39.285
21300	10.705	-39.409
21400	10.576	-39.514
21500	10.503	-39.574
21600	10.563	-39.525
21700	10.690	-39.421
21800	10.707	-39.407
21900	10.691	-39.420
22000	10.546	-39.539
22100	10.710	-39.405
22200	10.480	-39.593
22300	10.392	-39.667
22400	10.349	-39.703
22500	10.297	-39.746
22600	10.245	-39.790
22700	10.263	-39.775
22800	10.236	-39.798
22900	10.371	-39.684
23000	10.233	-39.800
23100	10.248	-39.788
23200	10.080	-39.931
23300	10.191	-39.836
23400	10.033	-39.972
23500	9.728	-40.240
23600	9.976	-40.021
23700	9.947	-40.047
23800	10.066	-39.943
23900	9.801	-40.175
24000	9.965	-40.031
24100	10.093	-39.920
24200	9.641	-40.318
24300	9.414	-40.525
24400	9.429	-40.511
24500	9.540	-40.409
24600	9.901	-40.087
24700	9.558	-40.393
24800	9.644	-40.315
24900	9.524	-40.424
25000	9.633	-40.326
25100	9.266	-40.663
25200	9.358	-40.577
25300	9.543	-40.407
25400	9.334	-40.600
25500	9.562	-40.389
25600	9.331	-40.602
25700	9.158	-40.764
25800	9.497	-40.449
25900	9.222	-40.704
26000	9.133	-40.788
26100	9.160	-40.763
26200	9.034	-40.883
26300	9.107	-40.813
26400	9.290	-40.640
26500	8.940	-40.974
26600	9.124	-40.796
26700	8.967	-40.948
26800	8.949	-40.965
26900	8.983	-40.932
27000	9.082	-40.837
27100	9.095	-40.825
27200	9.032	-40.885
27300	8.938	-40.975
27400	9.225	-40.701
27500	8.897	-41.016
27600	8.817	-41.094
27700	8.680	-41.230
27800	8.778	-41.132
27900	8.901	-41.012
28000	9.088	-40.831
28100	8.935	-40.978
28200	8.737	-41.174
28300	8.872	-41.040
28400	8.775	-41.136
28500	8.642	-41.268
28600	8.731	-41.179
28700	9.010	-40.907
28800	8.731	-41.179
28900	8.561	-41.350
29000	8.701	-41.209
29100	8.841	-41.071
29200	8.703	-41.207
29300	8.588	-41.323
29400	8.605	-41.305
29500	8.532	-41.380
29600	8.557	-41.355
29700	8.865	-41.047
29800	8.398	-41.518
29900	8.789	-41.122
  Hz	 mVrms	dBV	deg
100.0	3.848	-48.296
200.0	4.029	-47.896
300.0	4.375	-47.182
400.0	4.834	-46.314
500.0	5.262	-45.578
600.0	5.912	-44.566
700.0	6.266	-44.061
800.0	6.840	-43.299
900.0	7.981	-41.959
1000.0	8.076	-41.856
1100.0	9.005	-40.911
1200.0	9.796	-40.180
1300.0	10.767	-39.359
1400.0	11.718	-38.624
1500.0	12.273	-38.222
1600.0	13.014	-37.713
1700.0	13.747	-37.236
1800.0	14.497	-36.775
1900.0	14.988	-36.486
2000.0	15.762	-36.048
2100.0	16.196	-35.812
2200.0	16.806	-35.491
2300.0	17.331	-35.224
2400.0	17.936	-34.926
2500.0	18.012	-34.889
2600.0	18.239	-34.781
2700.0	18.100	-34.847
2800.0	17.995	-34.898
2900.0	17.946	-34.921
3000.0	17.419	-35.180
3100.0	17.148	-35.316
3200.0	16.745	-35.523
3300.0	16.282	-35.767
3400.0	15.873	-35.988
3500.0	15.402	-36.249
3600.0	15.130	-36.404
3700.0	14.621	-36.701
3800.0	14.328	-36.877
3900.0	13.830	-37.184
4000.0	13.467	-37.415
4100.0	13.094	-37.659
4200.0	12.662	-37.950
4300.0	12.331	-38.181
4400.0	11.926	-38.471
4500.0	11.638	-38.683
4600.0	11.237	-38.987
4700.0	10.826	-39.311
4800.0	10.546	-39.538
4900.0	10.239	-39.795
5000.0	9.785	-40.189
5100.0	9.656	-40.304
5200.0	9.175	-40.748
5300.0	9.002	-40.914
5400.0	8.726	-41.185
5500.0	8.434	-41.480
5600.0	8.245	-41.677
5700.0	8.201	-41.724
5800.0	7.886	-42.063
5900.0	7.687	-42.286
6000.0	7.678	-42.296
6100.0	7.479	-42.524
6200.0	7.374	-42.647
6300.0	7.221	-42.829
6400.0	7.066	-43.017
6500.0	6.924	-43.193
6600.0	6.867	-43.265
6700.0	6.792	-43.361
6800.0	6.662	-43.529
6900.0	6.611	-43.595
7000.0	6.519	-43.717
7100.0	6.380	-43.904
7200.0	6.329	-43.974
7300.0	6.290	-44.027
7400.0	6.155	-44.216
7500.0	6.061	-44.349
7600.0	6.159	-44.211
7700.0	5.800	-44.733
7800.0	5.851	-44.656
7900.0	5.858	-44.646
8000.0	5.746	-44.813
8100.0	5.793	-44.743
8200.0	5.455	-45.265
8300.0	5.752	-44.804
8400.0	5.506	-45.184
8500.0	5.502	-45.191
8600.0	5.366	-45.408
8700.0	5.304	-45.509
8800.0	5.331	-45.464
8900.0	5.413	-45.331
9000.0	5.209	-45.665
9100.0	5.159	-45.749
9200.0	5.435	-45.297
9300.0	5.072	-45.896
9400.0	5.300	-45.515
9500.0	5.372	-45.398
9600.0	5.080	-45.883
9700.0	5.066	-45.907
9800.0	5.042	-45.949
9900.0	5.262	-45.578
10000	5.133	-45.793
10100	5.021	-45.984
10200	4.952	-46.106
10300	4.923	-46.155
10400	5.019	-45.988
10500	4.913	-46.174
10600	4.862	-46.264
10700	4.949	-46.109
10800	4.789	-46.396
10900	4.716	-46.529
11000	4.820	-46.340
11100	4.673	-46.609
11200	4.618	-46.711
11300	4.786	-46.401
11400	4.625	-46.698
11500	4.654	-46.644
11600	4.572	-46.799
11700	4.521	-46.896
11800	4.725	-46.512
11900	4.443	-47.047
12000	4.535	-46.868
12100	4.411	-47.111
12200	4.510	-46.917
12300	4.549	-46.842
12400	4.405	-47.123
12500	4.304	-47.324
12600	4.360	-47.210
12700	4.178	-47.580
12800	4.201	-47.534
12900	4.139	-47.664
13000	4.466	-47.002
13100	4.133	-47.674
13200	4.312	-47.308
13300	4.143	-47.654
13400	4.075	-47.799
13500	4.363	-47.206
13600	4.240	-47.454
13700	4.290	-47.352
13800	4.373	-47.185
13900	4.052	-47.847
14000	4.338	-47.254
14100	4.030	-47.894
14200	4.033	-47.887
14300	4.044	-47.864
14400	4.410	-47.111
14500	3.756	-48.505
14600	4.209	-47.516
14700	3.988	-47.985
14800	4.011	-47.936
14900	3.990	-47.980
15000	3.712	-48.609
15100	3.921	-48.133
15200	3.921	-48.133
15300	3.798	-48.409
15400	4.051	-47.849
15500	3.697	-48.643
15600	4.093	-47.759
15700	3.754	-48.511
15800	3.747	-48.526
15900	3.861	-48.266
16000	3.926	-48.122
16100	3.807	-48.389
16200	3.679	-48.686
16300	3.788	-48.433
16400	3.765	-48.486
16500	3.722	-48.585
16600	3.799	-48.408
16700	4.161	-47.617
16800	3.680	-48.684
16900	3.884	-48.216
17000	3.682	-48.678
17100	3.694	-48.652
17200	3.535	-49.033
17300	3.842	-48.310
17400	3.892	-48.198
17500	3.670	-48.707
17600	3.658	-48.737
17700	3.697	-48.644
17800	3.744	-48.535
17900	3.585	-48.911
18000	4.018	-47.920
18100	3.721	-48.588
18200	3.459	-49.221
18300	3.817	-48.365
18400	3.555	-48.984
18500	3.582	-48.919
18600	3.646	-48.764
18700	3.633	-48.794
18800	3.708	-48.618
18900	3.510	-49.096
19000	3.830	-48.338
19100	3.614	-48.840
19200	3.579	-48.925
19300	3.675	-48.696
19400	3.340	-49.526
19500	3.468	-49.199
19600	3.686	-48.670
19700	3.663	-48.724
19800	3.344	-49.516
19900	3.537	-49.028
20000	3.321	-49.576
20100	3.537	-49.028
20200	3.461	-49.218
20300	3.754	-48.511
20400	3.336	-49.537
20500	3.619	-48.828
20600	3.335	-49.540
20700	3.615	-48.839
20800	3.583	-48.915
20900	3.826	-48.346
21000	3.270	-49.710
21100	3.390	-49.396
21200	3.382	-49.417
21300	3.419	-49.322
21400	3.671	-48.704
21500	3.498	-49.124
21600	3.377	-49.431
21700	3.664	-48.722
21800	3.340	-49.526
21900	3.673	-48.701
22000	3.408	-49.351
22100	3.513	-49.086
22200	3.420	-49.321
22300	3.312	-49.599
22400	3.568	-48.951
22500	3.371	-49.445
22600	3.259	-49.740
22700	3.765	-48.486
22800	3.414	-49.335
22900	3.440	-49.270
23000	3.295	-49.644
23100	3.253	-49.755
23200	3.381	-49.419
23300	3.503	-49.112
23400	3.227	-49.825
23500	3.189	-49.927
23600	3.337	-49.533
23700	3.672	-48.704
23800	3.308	-49.609
23900	3.534	-49.035
24000	3.130	-50.091
24100	3.457	-49.226
24200	3.248	-49.768
24300	3.433	-49.287
24400	3.172	-49.974
24500	3.297	-49.639
24600	3.166	-49.990
24700	3.102	-50.168
24800	3.605	-48.862
24900	3.308	-49.609
25000	3.592	-48.893
25100	3.440	-49.270
25200	3.590	-48.899
25300	3.458	-49.224
25400	3.056	-50.298
25500	3.545	-49.008
25600	3.410	-49.346
25700	3.369	-49.450
25800	3.510	-49.094
25900	3.221	-49.841
26000	3.193	-49.918
26100	3.078	-50.234
26200	3.409	-49.349
26300	3.150	-50.035
26400	3.418	-49.325
26500	3.813	-48.376
26600	3.128	-50.095
26700	3.203	-49.889
26800	3.866	-48.255
26900	3.187	-49.932
27000	3.359	-49.477
27100	3.547	-49.004
27200	3.323	-49.570
27300	3.164	-49.997
27400	3.149	-50.036
27500	3.460	-49.218
27600	3.193	-49.916
27700	3.507	-49.102
27800	3.479	-49.170
27900	3.817	-48.367
28000	3.293	-49.648
28100	3.278	-49.688
28200	3.284	-49.673
28300	3.401	-49.368
28400	3.073	-50.248
28500	3.454	-49.233
28600	3.146	-50.047
28700	3.114	-50.136
28800	3.488	-49.150
28900	3.139	-50.066
29000	3.181	-49.948
29100	3.339	-49.528
29200	3.228	-49.821
29300	3.111	-50.143
29400	3.320	-49.578
29500	3.025	-50.386
29600	2.940	-50.634
29700	3.044	-50.332
29800	3.459	-49.223
29900	3.164	-49.995
